6319579484
6638847760
6515961910
6051961660
5222353449
6077393850
5251280068
5071296403
1201072157
6287664585
6387601802
5345555133
6544240498
6419933827
854724123
5489551225
5738551230
6097362826
6191863486
1954585743
5836645808
5691287275
6308684971
5954223025
6225375725
5626252780
1434065278
5919509976
6318586460
6984032292
2112987924
5877569922
6644014483
1119983098
6497277132
1035507049
790590109
5151105035
859522754
1643392044
6431057348
1310931640
5875908681
5900230453
1219448009
6136700167
6055018844
2019134807
6643347033
6612053187
6270736023
6219106603
1746423569
5871325832
6594044732
1308626392
6021015827
6230661701
6851102755
5872334370
5916681610
5076735354
6603464364
6538952503
764415119
6037531723
5462193324
5087568470
5592837869
1774076957
5791241724
1583950648
2098614813
6326332944
6707484865
5990489885
1924946107
1209810149
938056046
1424583770
5579841149
6027414292
66388477601441175669
1441175669
1333961761
6317876177
1800735998
5831626719
5366131238
5528939661
5295792382
5762172364
1041256440
1425540240
6249753392
1019045147
1533812870
5543238926
651143150
831742079
1994461069
5465001197
5881275448
1999954520
2056258239
5119157741
5233088515
5782447962
6622545558
5704678010
836060916
6141734810
1879625874
5521040920
6471965521
6203006937
6287764186
477233970
1169479676
1840182030
5771634134
5675511604
1816904146
1446284230
5579729798
6567525258
1173227875
5482521115
1308017771
6025196022
1237378249
6669187436
5978111525
1949174573
1326925566
1611429797
6421164902
5685454133
6060534504
